100000000
1000000000
1100000000
11200000469
11200003993
11200004103
11200004131
11200004207
1200000000
1300000000
1400000000
1500000000
1700000000
1800000000
1900000000
200000000
2000000000
2100000000
2200000000
2300000000
2400000000
2500000000
2700000000
2800000000
2900000000
300000000
3000000000
3100000000
3200000000
3300000000
3400000000
3500000000
3600000000
3700000000
3800000000
3900000000
400000000
4000000000
4100000000
4300000000
4400000000
4500000000
4600000000
4700000000
4800000000
4900000000
500000000
5000000000
5100000000
5200000000
5300000000
5400000000
5500000000
5600000000
5700000000
5800000000
5900000000
600000000
6000000000
6100000000
6200000000
6300000000
6400000000
6500000000
6600000000
6700000000
6800000000
6900000000
700000000
7000000000
7100000000
7200000000
7300000000
7400000000
7600000000
7700000000
7800000000
7900000000
800000000
8000000000
8100000000
8200000000
8300000000
900000000
