# List of completed page IDs - resumable scraper reference
# Generated at: 2026-04-26 13:10
100000000
1000000000
1100000000
11200000045
11200000046
11200000048
11200000049
11200000050
11200000051
11200000052
11200000053
11200000054
11200000055
11200000056
11200000057
11200000058
11200000059
11200000060
11200000061
11200000062
11200000063
11200000064
11200000065
11200000066
11200000067
11200000068
11200000069
11200000070
11200000071
11200000072
11200000073
11200000074
11200000075
11200000076
11200000077
11200000078
11200000079
11200000080
11200000081
11200000082
11200000083
11200000084
11200000085
11200000086
11200000087
11200000088
11200000089
11200000090
11200000091
11200000092
11200000093
11200000130
11200000131
11200000132
11200000133
11200000134
11200000135
11200000136
11200000137
11200000138
11200000139
11200000140
11200000141
11200000142
11200000143
11200000144
11200000145
11200000146
11200000147
11200000148
11200000149
11200000150
11200000151
11200000152
11200000153
11200000177
11200000178
11200000179
11200000180
11200000181
11200000182
11200000183
11200000184
11200000185
11200000186
11200000187
11200000188
11200000189
11200000190
11200000191
11200000192
11200000193
11200000194
11200000195
11200000196
11200000197
11200000198
11200000199
11200000201
11200000311
11200000312
11200000313
11200000314
11200000315
11200000316
11200000358
11200000377
11200000408
11200000419
11200000424
11200000425
11200000426
11200000427
11200000428
11200000429
11200000430
11200000431
11200000448
11200000449
11200000450
11200000451
11200000452
11200000453
11200000454
11200000455
11200000456
11200000457
11200000458
11200000459
11200000460
11200000461
11200000462
11200000463
11200000464
11200000465
11200000466
11200000467
11200000468
11200000469
11200000470
11200003993
11200003996
11200003997
11200003998
11200003999
11200004000
11200004001
11200004002
11200004003
11200004004
11200004005
11200004006
11200004007
11200004008
11200004009
11200004010
11200004011
11200004012
11200004013
11200004014
11200004103
11200004104
11200004105
11200004106
11200004107
11200004108
11200004109
11200004110
11200004111
11200004112
11200004113
11200004114
11200004123
11200004124
11200004125
11200004126
11200004127
11200004128
11200004129
11200004130
11200004131
11200004132
11200004133
11200004134
11200004135
11200004136
11200004137
11200004138
11200004139
11200004140
11200004141
11200004142
11200004143
11200004144
11200004145
11200004146
11200004147
11200004148
11200004149
11200004150
11200004151
11200004152
11200004153
11200004154
11200004155
11200004156
11200004157
11200004158
11200004159
11200004160
11200004161
11200004162
11200004163
11200004164
11200004165
11200004166
11200004167
11200004168
11200004169
11200004170
11200004207
11200004208
11200004209
11200004210
11200004211
11200004212
11200004213
11200004214
11200004215
11200004216
11200004217
11200004218
11200004219
11200004220
11200004221
11200004222
11200004223
11200004224
11200004225
11200004226
11200004227
11200004228
11200004229
11200004230
11200004231
11200004232
11200004233
11200004234
11200004235
11200004236
11200004237
11200004238
11200004239
11200004240
11200004241
11200009791
11200009792
11200009793
11200009794
11200009795
11200009796
11200009797
11200009798
11200009799
11200009800
11200009801
11200009802
11200009803
11200009804
11200009805
11200009806
11200009807
11200009808
11200009809
11200009810
11200009811
11200009812
11200009813
11200009814
11200009815
11200009816
11200009817
11200009818
11200009819
11200009820
11200009821
11200009822
11200009831
11200009832
11200009845
11200009869
11200009912
11200009914
11200009920
11200009927
11200009934
11200009943
11200009959
11200009979
11200009986
11200009991
11200010004
11200010066
11200010073
11200010081
11200010086
11200010096
11200010106
11200010123
11200010135
11200010224
11200010230
11200010253
11200010259
11200010268
11200010273
11200010293
11200010294
11200010295
11200010296
11200010297
11200010298
11200010299
11200010300
11200010301
11200010302
11200010303
11200010304
11200010305
11200010306
11200010307
11200010308
11200010309
11200010310
11200010311
11200010312
11200010313
11200010314
11200010315
11200010316
11200010317
11200010318
11200010319
11200010320
11200010321
11200010322
11200010323
11200010324
11200010325
11200010326
11200010327
11200010328
11200010329
11200010330
11200010331
11200010332
11200010333
11200010342
11200010358
11200010413
11200010414
11200010420
11200010431
11200010432
11200010439
11200010491
11200010496
11200010513
11200010529
11200010535
11200010548
11200010552
11200010563
11200010564
11200010568
11200010572
11200010590
11200010591
11200010592
11200010593
11200010594
11200010603
11200010647
11200010650
11200010663
11200010686
11200010691
11200010707
11200010716
11200010737
11200010743
11200010744
11200010750
11200010751
11200010752
11200010753
11200010754
11200010755
11200010756
11200010757
11200010758
11200010759
11200010760
11200010761
11200010762
11200010763
11200010764
11200010765
11200010766
11200010767
11200010768
11200010769
11200010770
11200010771
11200010772
11200010773
11200010774
11200010775
11200010776
11200010777
11200010778
11200010779
11200010780
11200010781
11200010782
11200010783
11200010784
11200010785
11200010786
11200010787
11200010788
11200010789
11200010790
11200010791
11200010792
11200010802
11200010807
11200010817
11200010857
11200010865
11200010891
11200010897
11200010911
11200010914
11200010920
11200010935
11200010946
11200010951
11200010973
11200010974
11200010984
11200011044
11200011048
11200011077
11200011086
11200011097
11200011106
11200011123
11200011131
11200011146
11200011152
11200011188
11200011195
11200011214
11200011227
11200011242
11200011244
11200011250
11200011268
11200011269
11200011270
11200011271
11200011272
11200011273
11200011274
11200011275
11200011276
11200011277
11200011278
11200011279
11200011280
11200011281
11200011282
11200011283
11200011284
11200011285
11200011286
11200011287
11200011288
11200011289
11200011290
11200011291
11200011292
11200011293
11200011294
11200011295
11200011296
11200011297
11200011298
11200011299
11200011304
11200011313
11200011318
11200011325
11200011345
11200011346
11200011347
11200011349
11200011355
11200011390
11200011397
11200011405
11200011426
11200011433
11200011445
11200011461
11200011465
11200011472
11200011527
11200011532
11200011553
11200011559
11200011562
11200011579
11200011587
11200011612
11200011616
11200011637
11200011638
11200011639
11200011640
11200011641
11200011642
11200011643
11200011644
11200011645
11200011646
11200011647
11200011648
11200011649
11200011650
11200011651
11200011652
11200011653
11200011654
11200011655
11200011656
11200011657
11200011658
11200011659
11200011660
11200011661
11200011662
11200011663
11200011677
11200011723
11200011730
11200011748
11200011754
11200011768
11200011772
11200011792
11200011799
11200011818
11200011819
11200011837
11200011891
11200011892
11200011902
11200011920
11200011927
11200011943
11200011944
11200011953
11200012034
11200012040
11200012060
11200012061
11200012062
11200012063
11200012064
11200012065
11200012066
11200012067
11200012068
11200012069
11200012070
11200012071
11200012072
11200012073
11200012074
11200012075
11200012076
11200012077
11200012078
11200012079
11200012080
11200012081
11200012082
11200012083
11200012084
11200012085
11200012086
11200012087
11200012088
11200012089
11200012090
11200012091
11200012092
11200012093
11200012094
11200012095
11200012096
11200012097
11200012098
11200012099
11200012100
11200012101
11200012107
11200012118
11200012123
11200012124
11200012130
11200012148
11200012149
11200012153
11200012155
11200012158
11200012163
11200012182
11200012184
11200012186
11200012188
11200012190
11200012193
11200012205
11200012249
11200012255
11200012272
11200012274
11200012280
11200012291
11200012310
11200012316
11200012317
11200012320
11200012328
11200012329
11200012332
11200012343
11200012386
11200012393
11200012413
11200012423
11200012440
11200012445
11200012451
11200012475
11200012870
11200013355
11200013826
11200013827
11200013828
11200013829
11200013830
11200013831
11200013832
11200013833
11200013834
11200013835
11200013836
11200013837
11200013838
11200013839
11200013840
11200013841
11200013842
11200013843
11200013844
11200013845
11200013846
11200013847
11200013848
11200013849
11200013850
11200013851
11200013852
11200013853
11200013854
11200013855
11200013856
11200013857
11200013858
11200013859
11200013860
11200013861
11200013862
11200013863
11200013864
11200013865
11200013866
11200013867
11200013868
11200013869
11200013870
11200013877
11200013900
11200013908
11200013930
11200013931
11200013934
11200013935
11200013941
11200013947
11200013967
11200013970
11200013972
11200013974
11200013976
11200013977
11200013983
11200014040
11200014045
11200014077
11200014081
11200014092
11200014103
11200014121
11200014126
11200014165
11200014177
11200014182
11200014214
11200014215
11200014219
11200014226
11200014231
11200014233
11200014236
11200014244
11200014273
11200014277
11200014298
11200014302
11200014335
11200014341
11200014346
11200014378
11200014379
11200014380
11200014381
11200014382
11200014383
11200014384
11200014385
11200014386
11200014387
11200014388
11200014389
11200014390
11200014391
11200014392
11200014393
11200014394
11200014395
11200014396
11200014397
11200014398
11200014399
11200014400
11200014413
11200014465
11200014471
11200014494
11200014498
11200014512
11200014517
11200014531
11200014538
11200014566
11200014571
11200014590
11200014601
11200014611
11200014613
11200014622
11200014639
11200014640
11200014641
11200014642
11200014643
11200014644
11200014645
11200014646
11200014647
11200014648
11200014649
11200014650
11200014651
11200014652
11200014653
11200014654
11200014655
11200014656
11200014657
11200014658
11200014659
11200014660
11200014661
11200014662
11200014663
11200014664
11200014665
11200014666
11200014667
11200014668
11200014669
11200014670
11200014671
11200014672
11200014673
11200014674
11200014675
11200014676
11200014677
11200014678
11200014679
11200014680
11200014681
11200014684
11200014693
11200014694
11200014702
11200014717
11200014727
11200014754
11200014755
11200014756
11200014758
11200014759
11200014763
11200014765
11200014768
11200014769
11200014780
11200014795
11200014798
11200014802
11200014816
11200014818
11200014820
11200014826
11200014832
11200014836
11200014847
11200014851
11200014903
11200014907
11200014928
11200014933
11200014953
11200014960
11200014973
11200014974
11200014984
11200015055
11200015061
11200015085
11200015086
11200015087
11200015088
11200015089
11200015090
11200015091
11200015092
11200015093
11200015094
11200015095
11200015096
11200015097
11200015098
11200015099
11200015100
11200015101
11200015102
11200015103
11200015104
11200015105
11200015106
11200015107
11200015113
11200015134
11200015139
11200015160
11200015161
11200015182
11200015195
11200015280
11200015290
11200015299
11200015308
11200015326
11200015327
11200015343
11200015422
11200015429
11200015452
11200015457
11200015475
11200015484
11200015513
11200015514
11200015515
11200015516
11200015517
11200015518
11200015519
11200015520
11200015521
11200015522
11200015523
11200015524
11200015525
11200015526
11200015527
11200015528
11200015529
11200015530
11200015531
11200015532
11200015533
11200015534
11200015535
11200015536
11200015537
11200015538
11200015539
11200015540
11200015541
11200015542
11200015543
11200015544
11200015545
11200015550
11200015578
11200015592
11200015597
11200015598
11200015605
11200015648
11200015653
11200015695
11200015698
11200015702
11200015707
11200015728
11200015733
11200015760
11200015768
11200015769
11200015773
11200015782
11200015790
11200015828
11200015831
11200015859
11200015863
11200015891
11200015899
11200015903
11200015916
11200015917
11200015929
11200015980
11200015981
11200015982
11200015983
11200015984
11200015985
11200015986
11200015987
11200015988
11200015989
11200015990
11200015991
11200015992
11200015993
11200015994
11200015995
11200015996
11200015997
11200015998
11200015999
11200016000
11200016001
11200016007
11200016023
11200016031
11200016047
11200016055
11200016065
11200016102
11200016107
11200016123
11200016128
11200016148
11200016153
11200016174
11200016187
11200016202
11200016207
11200016214
11200016226
11200016227
11200016228
11200016229
11200016230
11200016231
11200016232
11200016233
11200016234
11200016235
11200016236
11200016237
11200016238
11200016239
11200016240
11200016241
11200016242
11200016243
11200016244
11200016245
11200016246
11200016247
11200016248
11200016249
11200016250
11200016251
11200016252
11200016253
11200016254
11200016255
11200016256
11200016257
11200016258
11200016266
11200016271
11200016282
11200016297
11200016298
11200016300
11200016306
11200016327
11200016328
11200016329
11200016339
11200016353
11200016359
11200016401
11200016406
11200016423
11200016433
11200016454
11200016461
11200016487
11200016498
11200016512
11200016513
11200016526
11200016594
11200016602
11200016616
11200016622
11200016639
11200016640
11200016641
11200016642
11200016643
11200016644
11200016645
11200016646
11200016647
11200016648
11200016649
11200016650
11200016651
11200016652
11200016653
11200016654
11200016655
11200016656
11200016657
11200016658
11200016659
11200016660
11200016661
11200016662
11200016663
11200016664
11200016665
11200016666
11200016667
11200016668
11200016678
11200016693
11200016700
11200016714
11200016719
11200016736
11200016742
11200016762
11200016763
11200016767
11200016781
11200016833
11200016839
11200016868
11200016877
11200016899
11200016906
11200016928
11200016948
11200016949
11200016958
11200017014
11200017021
11200017047
11200017053
11200017073
11200017082
11200017110
11200017111
11200017112
11200017113
11200017114
11200017115
11200017116
11200017117
11200017118
11200017119
11200017120
11200017121
11200017122
11200017123
11200017124
11200017125
11200017126
11200017127
11200017128
11200017129
11200017130
11200017131
11200017132
11200017133
11200017134
11200017135
11200017136
11200017137
11200017138
11200017139
11200017140
11200017141
11200017142
11200017147
11200017156
11200017176
11200017190
11200017191
11200017252
11200017253
11200017267
11200017282
11200017291
11200017296
11200017327
11200017333
11200017351
11200017361
11200017390
11200017393
11200017398
