100000000
1000000000
1100000000
11200000022
11200000044
11200000045
11200000046
11200000047
11200000048
11200000049
11200000311
11200000316
11200000358
11200000377
11200000408
11200000419
11200000424
11200000428
11200000431
11200000448
11200000469
11200000470
11200003993
11200003994
11200003995
11200003996
11200003997
11200003998
11200003999
11200004000
11200004001
11200004002
11200004003
11200004004
11200004005
11200004006
11200004007
11200004008
11200004009
11200004010
11200004011
11200004012
11200004013
11200004014
11200004103
11200004104
11200004105
11200004106
11200004107
11200004108
11200004109
11200004110
11200004111
11200004131
11200004132
11200004133
11200004134
11200004135
11200004136
11200004137
11200004138
11200004139
11200004167
11200004207
11200004208
11200004209
11200004210
11200009791
11200010293
11200010751
11200011270
11200011637
11200012060
11200012475
11200012870
11200013355
11200013826
11200014378
11200014641
11200015085
11200015513
11200015980
11200016228
11200016639
11200017110
11200017559
11200017898
11200018230
11200018669
11200018757
11200019184
11200019489
11200019490
11200019529
11200019559
1200000000
1200690001
1200690002
1200700001
1200700002
1200710001
1200710002
1200720001
1200720002
1200750001
1200750002
1200760001
1200760002
1200770001
1200770002
1200780001
1200780002
1200790001
1200790002
1200800001
1200800002
1200810001
1200810002
1200820001
1200820002
1200830001
1200830002
1200840001
1200840002
1200850001
1200850002
1200860001
1200860002
1200870001
1200870002
1200880001
1200880002
1200890001
1200890002
1200900001
1200900002
1200910001
1200910002
1200920001
1200920002
1200930001
1200930002
1200940001
1200940002
1200950001
1200950002
1200960001
1200960002
1200970001
1200970002
1200980001
1200980002
1300000000
1301410001
1301430001
1301470001
1301490001
1301550001
1301660001
1301660002
1301710001
1301710002
1301770001
1301770002
1301800001
1301800002
1301850001
1301850002
1400000000
1400090001
1400100001
1400110001
1400120001
1400130001
1400140001
1400150001
1400160001
1400170001
1400190001
1400200001
1400210001
1400220001
1400230001
1400240001
1400250001
1400260001
1400270001
1400280001
1400290001
1400300001
1400310001
1400320001
1400330001
1400340001
1400350001
1401640001
1401650001
1402150001
1402160001
1402510001
1402540001
1402560001
1402580001
1402640001
1402660001
1402680001
1402700001
1402720001
1402740001
1402760001
1402780001
1402800001
1402820001
1402840001
1402860001
1402880001
1402900001
1402920001
1402940001
1500000000
1500360001
1500370001
1500380001
1500390001
1700000000
1700400001
1700400002
1700400003
1700400004
1700400005
1700400006
1700400011
1700400067
1700400339
1700400397
1800000000
1800410001
1800430001
1800440001
1801390001
1802190001
1900000000
1900420001
1900640001
1900740001
200000000
2000000000
2000450001
2000460001
2000470001
2000480001
2000500001
2000510001
2000560001
2000570001
2000580001
2000590001
2000600001
2000610001
2001910001
2002180001
2100000000
2100490001
2100990001
2101000001
2101920001
2200000000
2201340001
2201340002
2201340003
2201340004
2201340005
2201340008
2201340110
2201340203
2300000000
2300540001
2300550001
2300670001
2300680001
2400000000
2500000000
2700000000
2800000000
2900000000
300000000
3000000000
3000730001
3000730002
3000730003
3000730004
3000730005
3100000000
3101020001
3101040001
3101060001
3101080001
3101100001
3101120001
3101150001
3101170001
3101190001
3101210001
3101230001
3101250001
3101260001
3200000000
3201290001
3201290002
3201290003
3201290004
3201290005
3201290006
3201290007
3201290008
3201290009
3201290010
3201290011
3201290012
3201290013
3201290014
3201290015
3201290016
3201290017
3201290018
3201290019
3201290020
3201290021
3201290022
3201290023
3201290024
3201290025
3201290026
3201290027
3201290028
3201290029
3201290030
3201290031
3201290032
3201290033
3201290034
3201290035
3201290036
3201290037
3201290038
3201290039
3201290040
3201290041
3201290042
3201290043
3201290044
3201290045
3201290046
3201290047
3201290048
3201290049
3201290050
3201290051
3201290052
3201290053
3201290054
3201290055
3201290056
3201290057
3201290058
3201290059
3201290060
3201290061
3201290062
3201290063
3201290064
3201290065
3201290066
3201290067
3201290068
3201290069
3201290070
3201290071
3201290072
3201290073
3201290074
3201290075
3201290076
3201290077
3201290078
3201290079
3300000000
3301300001
3301300002
3400000000
3401310001
3401310002
3401310003
3401310004
3401310005
3500000000
3501320001
3501320002
3502350001
3502350002
3502360001
3502360002
3600000000
3601330001
3601330002
3601330003
3700000000
3701350001
3701350002
3701350003
3701350004
3701350005
3701350006
3701350007
3701350008
3701350009
3701350010
3701350011
3701350012
3701350013
3701350014
3701350015
3701350016
3701350017
3701350018
3701350019
3701350020
3701350021
3701350022
3701350023
3701350024
3701350025
3701350026
3701350027
3701350028
3800000000
3801360001
3801360002
3801360003
3801360004
3801950001
3801960001
3900000000
3901370001
3901370002
3901370034
3901370035
3901370047
3901370048
3901370060
3901370061
3901370071
3901370072
3901370080
3901370081
3901370098
3901370099
3901370112
3901370113
3901370124
3901370125
3901370142
3901370143
3901370196
3901370197
3901370204
3901370205
3901370221
3901370246
3901370247
3901370268
3901370269
3901370273
3901370274
3901370298
3901370299
3901370332
3901370333
3901370353
3901370354
3901370361
3901370362
3901370376
3901370377
3901370383
3901370384
3901370390
3901370391
3901370405
3901370406
3901370450
3901370451
3901370468
3901370469
3901370481
3901370482
3901370488
3901370489
3901370495
3901370496
3901370505
3901370506
3901370519
3901370520
400000000
4000000000
400080001
400080002
400080003
400080004
400080005
400080006
400080007
400080008
400080009
400080010
400080011
400080012
400080013
400080014
400080015
400080016
400080017
400080018
400080019
400080020
400080021
400080022
400080023
400080024
400080025
400080026
400080027
400080028
400080029
400080030
400080031
400080032
400080033
400080034
400080035
400080036
400080037
400080038
400080039
400080040
400080041
400080042
400080043
400080044
400080045
400080046
400080047
400080048
400080063
400080068
400080070
400080077
400080079
400080086
400080092
400080101
400080104
400080106
400080113
400080121
400080129
400080137
400080143
400080149
400080150
400080153
400080156
400080157
400080159
400080160
400080168
400080171
400080172
400080177
400080181
400080187
400080190
400080192
400080198
400080204
400080205
400080208
400080212
400080222
400080225
400080227
400080231
400080235
400080238
400080239
400080241
400080257
400080343
400080447
4001380001
4001380002
4001380003
4001380004
4001380005
4001380006
4001380007
4001380008
4001380009
4001380010
4001380011
4001380012
4001380013
4001380014
4001380015
4001380016
4001380017
4001380018
4001380019
4001380020
4001380021
4001380022
4001380023
4001380024
4001380025
4001380026
4001380027
4001380028
4001380029
4001380030
4001380031
4001380032
4001380033
4001380034
4001380035
4001380036
4001380037
4001380038
4001380039
4001380040
4001380041
4001380042
4001380052
4001380076
4001380078
4001380104
4001380150
4001380158
4001380180
4001380186
4001380202
4001380210
4001380246
4001380270
4001380294
4001380312
4001380388
4001380428
4001380458
4001380522
4001380540
4001380586
4001380620
4001380646
4001380676
4001380712
4001380714
4001380720
4001380768
4001380788
4001380855
4001380883
4001380895
4001380934
4001380977
4001380993
4001381009
4001381038
4001381057
4001381099
4001381133
4001381336
4100000000
4101400001
4300000000
4301580001
4301600001
4301620001
4400000000
4401900001
4401900002
4401900003
4401900004
4401900005
4401900006
4401900007
4401900008
4401900009
4401900010
4401900011
4401900012
4401900013
4401900014
4401900015
4401900016
4401900017
4401900018
4401900019
4401900020
4401900021
4401900022
4401900023
4401900024
4401900025
4401900026
4401900027
4401900028
4401900029
4401900030
4401900034
4401900036
4401900039
4401900040
4401900043
4401900046
4401900050
4401900053
4401900056
4401900059
4401900062
4401900063
4401900065
4401900067
4401900072
4401900074
4401900075
4401900077
4401900079
4401900080
4401900082
4401900085
4401900087
4401900089
4401900093
4401900095
4401900097
4401900098
4500000000
4501930001
4501930002
4501930003
4501930004
4501930005
4501930006
4501930007
4501930008
4501930009
4501930010
4501930011
4501930012
4501930013
4501930014
4501930015
4501930016
4501930017
4501930018
4501930019
4501930020
4501930021
4501930022
4501930023
4501930024
4501930025
4501930026
4501930027
4501930028
4501930029
4600000000
4700000000
4800000000
4801940001
4801940002
4801940003
4801940004
4801940005
4801940006
4801940007
4801940008
4801940009
4900000000
4900010001
4900010002
4900010003
4900010135
4900010136
4900010201
4900010202
4900010218
4900010219
4900010244
4900010245
4900010279
4900010280
4900080001
4900080002
4900090001
4900090002
4900100001
4900100002
4900110001
4900110002
4900120001
4900120002
4900120009
4900120010
500000000
5000000000
5002000001
5002010001
5100000000
5102020001
5102020002
5102020003
5102020004
5102020005
5102020006
5102020007
5102020008
5102020009
5102020010
5102020011
5102020012
5102020013
5102020014
5102020015
5102020016
5102020017
5102020018
5102020019
5102020020
5200000000
5202030001
5202030002
5202030003
5202030004
5202030005
5202030006
5202030007
5202030008
5202030009
5202030010
5202030011
5202030012
5202030013
5202030014
5202030015
5202030016
5202030017
5202030018
5202030019
5202030020
5202030021
5202030022
5202030023
5202030024
5202030025
5202030026
5202030027
5202030028
5202030029
5202030030
5202030031
5202030032
5202030033
5202030034
5202030035
5202030036
5202030037
5202030038
5202030039
5202030040
5202030041
5202030042
5202030043
5202030044
5202030045
5202030046
5202030047
5202030048
5202030049
5202030050
5202030051
5202030052
5202030053
5202030054
5202030055
5202030056
5202030057
5202030058
5202030059
5202030060
5202030061
5202030062
5202030063
5202030064
5202030065
5202030066
5202030067
5202030068
5202030069
5202030070
5202030071
5202030072
5202030073
5202030074
5202030075
5202030076
5202030077
5202030078
5202030079
5202030080
5202030081
5202030082
5202030083
5202030084
5202030085
5202030086
5300000000
5302040001
5302040002
5302040003
5302040004
5302040005
5302040006
5302040007
5302040008
5302040009
5302040010
5302040011
5302040012
5302040013
5302040014
5302040015
5302040016
5302040017
5302040018
5302040019
5302040020
5302040021
5302040022
5302040023
5302040024
5302040025
5302040026
5302040027
5302040028
5302040029
5302040030
5302040031
5302040032
5302040033
5302040034
5302040035
5302040036
5302040037
5302040038
5302040039
5302040040
5400000000
5402050001
5402050002
5402050003
5402050004
5402050005
5402050006
5402050007
5402050008
5402050009
5402050010
5500000000
5502060001
5502060002
5502060003
5502060004
5502060005
5502060006
5502060007
5502060008
5502060009
5502060010
5502060011
5600000000
5601280001
5601280002
5601280003
5601280004
5601280005
5601280006
5601280007
5601280008
5601280009
5601280010
5601280011
5601280012
5601280013
5601280014
5601280015
5601280016
5601280017
5601280018
5601280019
5601280020
5601280021
5601280022
5601280023
5601280024
5601280025
5601280026
5601280027
5601280028
5601280029
5601280030
5601280031
5601280032
5601280033
5601280034
5601280035
5601280036
5601280037
5601280038
5601280039
5601280040
5601280041
5601280042
5601280043
5601280044
5601280045
5601280046
5601280047
5601280048
5601280049
5601280050
5601280051
5601280052
5700000000
5702070001
5702070002
5702070003
5702070004
5702070005
5702070006
5702070007
5702070008
5702070009
5702070010
5702070011
5702070012
5800000000
5802080001
5802080002
5802080003
5802080004
5802080005
5802080006
5802080007
5802080008
5802080009
5802080010
5802080011
5802080012
5802080013
5802080014
5802080015
5802080016
5802080017
5802080018
5802080019
5802080020
5802080021
5802080022
5802080023
5802080024
5802080025
5802080026
5802080027
5802080028
5802080029
5802080030
5802080031
5802080032
5802080033
5802080034
5802080035
5802080036
5802080037
5802080038
5802080039
5802080040
5802080041
5802080042
5802080043
5802080044
5802080045
5802080046
5900000000
5902500001
5902500002
5902500003
5902500004
5902500005
5902500006
5902500007
5902500008
5902500009
5902500010
5902500011
5902500012
5902500013
5902500014
600000000
6000000000
6002110001
6002110002
6002110003
6002110004
6002110005
6002110006
6002110007
6002110008
6002110009
6002110010
6002110011
6002110012
6002110013
6002110014
6002110015
6002110016
6100000000
6102130001
6102130002
6102130003
6102130004
6102130005
6102130006
6102130007
6102130008
6200000000
6300000000
6400000000
6500000000
6600000000
6700000000
6800000000
6900000000
700000000
7000000000
7002280001
7002280002
7002280012
7002280017
7002280021
7002280043
7002280060
7002280070
7002280075
7100000000
7102330001
7102330002
7102330033
7102330084
7102330089
7200000000
7300000000
7300010001
7300010002
7300010003
7300010004
7300010005
7300010006
7300010007
7300010008
7300010009
7300010010
7300010011
7300010012
7300010013
7300010014
7300010015
7300010016
7300010017
7300010018
7300010019
7300010020
7300010021
7300010022
7300010023
7300010024
7300010025
7300010026
7300010027
7302370001
7302370002
7302370003
7302370004
7302370005
7302370006
7302370007
7302370008
7302370009
7302370010
7302370011
7302370012
7302370013
7302370014
7302370015
7302370016
7302370017
7302370018
7302370019
7302370020
7302370021
7302370022
7302370023
7302370024
7302370025
7302370026
7302370027
7302370028
7400000000
7402390001
7402390002
7402390014
7402390022
7402390029
7402390036
7502400001
7502410001
7502420001
7502430001
7502440001
7502450001
7600000000
7602460001
7602460002
7602460003
7602460004
7602460005
7602460006
7602460007
7602460008
7602460009
7602460010
7602460011
7602460012
7602460013
7602460014
7602460015
7602460016
7602460017
7602460018
7602460019
7602460020
7602460021
7700000000
7702470001
7702470002
7702470003
7702470004
7702470005
7702470006
7702470007
7702470008
7702470009
7702470010
7702470011
7702470012
7702470013
7702470014
7702470015
7702470016
7702470017
7702470018
7702470019
7702470020
7702470021
7702470022
7702470023
7702470024
7702470025
7702470026
7702470027
7702470028
7702470029
7702470030
7702470031
7702470032
7702470033
7702470034
7702470035
7702470036
7702470037
7702470038
7702470039
7702470040
7702470041
7702470042
7702470043
7702470044
7702470045
7702470046
7702470047
7702470048
7702470049
7702470050
7702470051
7702470052
7702470053
7702470054
7702470055
7702470056
7702470057
7702470058
7702470059
7702470060
7702470061
7702470062
7702470063
7702470064
7702470065
7702470066
7702470067
7702470068
7702470069
7702470070
7702470071
7702470072
7702470073
7702470074
7702470075
7702470076
7702470077
7702470078
7702470079
7702470080
7702470081
7702470082
7702470083
7702470084
7702470085
7702470086
7702470087
7702470088
7702470089
7702470090
7702470091
7702470092
7702470093
7702470094
7702470095
7702470096
7702470097
7702470098
7702470099
7702470100
7702470101
7702470102
7702470103
7702470104
7702470105
7800000000
7802480001
7802480002
7802480003
7802480004
7802480005
7802480006
7802480007
7802480008
7802480009
7802480010
7802480011
7802480012
7802480013
7802480014
7802480015
7802480016
7900000000
7902490001
7902490002
7902490003
7902490004
7902490005
7902490006
7902490007
7902490008
7902490009
7902490010
7902490011
7902490012
7902490013
7902490014
7902490015
7902490016
7902490017
7902490018
7902490019
7902490020
7902490021
7902490022
7902490023
7902490024
7902490025
7902490026
7902490027
7902490028
7902490029
7902490030
7902490031
7902490032
7902490033
7902490034
7902490035
7902490036
7902490037
7902490038
7902490039
7902490040
7902490041
7902490042
7902490043
7902490044
7902490045
7902490046
7902490047
7902490048
7902490049
7902490050
7902490051
7902490052
7902490053
7902490054
7902490055
7902490056
7902490057
7902490058
7902490059
7902490060
7902490061
7902490062
7902490063
7902490064
7902490065
7902490066
7902490067
7902490068
7902490069
7902490070
7902490071
7902490072
7902490073
7902490074
7902490075
7902490076
7902490077
7902490078
7902490079
7902490080
7902490081
7902490082
800000000
8000000000
8002600001
8002610001
8002620001
8100000000
8102960001
8102960002
8102960003
8102960017
8102960021
8102960024
8102960026
8102960029
8102960031
8102960141
8102960160
8102960249
8102960264
8102960284
8102960288
8102960291
8102960296
8102960299
8102960301
8102960305
8102960309
8200000000
8202970001
8202970002
8202970003
8202970004
8202970006
8202970009
8202970011
8202970013
8202970015
8202970019
8202970026
8202970030
8202970035
8202970037
8202970039
8202970042
8202970046
8202970049
8202970052
8202970056
8202970064
8202970066
8202970073
8202970078
8202970082
8202970084
8202970091
8202970095
8202970097
8202970100
8202970103
8202970106
8202970108
8202970114
8202970116
8202970120
8202970123
8202970129
8300000000
8300000001
900000000
